{
 "cells": [
  {
   "cell_type": "code",
   "execution_count": 35,
   "metadata": {},
   "outputs": [],
   "source": [
    "import pandas as pd\n",
    "import numpy as np\n",
    "from borehole_tables import get_tables\n",
    "\n",
    "docid = '35454'"
   ]
  },
  {
   "cell_type": "code",
   "execution_count": 36,
   "metadata": {},
   "outputs": [],
   "source": [
    "bhtables = get_tables(docid, bh=True)"
   ]
  },
  {
   "cell_type": "code",
   "execution_count": 74,
   "metadata": {},
   "outputs": [
    {
     "data": {
      "text/html": [
       "<div>\n",
       "<style scoped>\n",
       "    .dataframe tbody tr th:only-of-type {\n",
       "        vertical-align: middle;\n",
       "    }\n",
       "\n",
       "    .dataframe tbody tr th {\n",
       "        vertical-align: top;\n",
       "    }\n",
       "\n",
       "    .dataframe thead th {\n",
       "        text-align: right;\n",
       "    }\n",
       "</style>\n",
       "<table border=\"1\" class=\"dataframe\">\n",
       "  <thead>\n",
       "    <tr style=\"text-align: right;\">\n",
       "      <th></th>\n",
       "      <th>Hole</th>\n",
       "      <th>Easting (m)</th>\n",
       "      <th>Northing (m)</th>\n",
       "      <th>R.L. (m)</th>\n",
       "      <th>Completed</th>\n",
       "      <th>T.D. (m)</th>\n",
       "      <th>B of Cz (m)</th>\n",
       "      <th>B of W (m)</th>\n",
       "    </tr>\n",
       "  </thead>\n",
       "  <tbody>\n",
       "    <tr>\n",
       "      <th>0</th>\n",
       "      <td>CHO100</td>\n",
       "      <td>557869.50</td>\n",
       "      <td>7595340.20</td>\n",
       "      <td>229.40</td>\n",
       "      <td>25/08/01</td>\n",
       "      <td>Abn 60</td>\n",
       "      <td>nd</td>\n",
       "      <td>nd</td>\n",
       "    </tr>\n",
       "    <tr>\n",
       "      <th>1</th>\n",
       "      <td>CHO10OC</td>\n",
       "      <td>557866.40</td>\n",
       "      <td>7595340.40</td>\n",
       "      <td>229.44</td>\n",
       "      <td>11/03/02</td>\n",
       "      <td>204.85</td>\n",
       "      <td>15.0</td>\n",
       "      <td>117.0</td>\n",
       "    </tr>\n",
       "    <tr>\n",
       "      <th>2</th>\n",
       "      <td>CH0101</td>\n",
       "      <td>557102.30</td>\n",
       "      <td>7595134.01</td>\n",
       "      <td>226.62</td>\n",
       "      <td>26/08/01</td>\n",
       "      <td>Abn 153</td>\n",
       "      <td>nd</td>\n",
       "      <td>nd</td>\n",
       "    </tr>\n",
       "    <tr>\n",
       "      <th>3</th>\n",
       "      <td>CH0102C</td>\n",
       "      <td>562411.71</td>\n",
       "      <td>7614561.13</td>\n",
       "      <td>241.44</td>\n",
       "      <td>22/07/03</td>\n",
       "      <td>252.44</td>\n",
       "      <td>142.4</td>\n",
       "      <td>160.10</td>\n",
       "    </tr>\n",
       "    <tr>\n",
       "      <th>4</th>\n",
       "      <td>CHO103C</td>\n",
       "      <td>575990.91</td>\n",
       "      <td>7610262.94</td>\n",
       "      <td>253.62</td>\n",
       "      <td>27/07/03</td>\n",
       "      <td>174.34</td>\n",
       "      <td>78.0</td>\n",
       "      <td>92.5</td>\n",
       "    </tr>\n",
       "  </tbody>\n",
       "</table>\n",
       "</div>"
      ],
      "text/plain": [
       "      Hole   Easting (m)   Northing (m)   R.L. (m)  Completed  T.D. (m)   \\\n",
       "0   CHO100      557869.50     7595340.20     229.40  25/08/01    Abn 60    \n",
       "1  CHO10OC      557866.40     7595340.40     229.44  11/03/02    204.85    \n",
       "2   CH0101      557102.30     7595134.01     226.62  26/08/01   Abn 153    \n",
       "3  CH0102C      562411.71     7614561.13     241.44  22/07/03    252.44    \n",
       "4  CHO103C      575990.91     7610262.94     253.62  27/07/03    174.34    \n",
       "\n",
       "  B of Cz (m)  B of W (m)   \n",
       "0          nd          nd   \n",
       "1        15.0       117.0   \n",
       "2          nd          nd   \n",
       "3       142.4      160.10   \n",
       "4        78.0        92.5   "
      ]
     },
     "execution_count": 74,
     "metadata": {},
     "output_type": "execute_result"
    }
   ],
   "source": [
    "bhtables[0]"
   ]
  },
  {
   "cell_type": "code",
   "execution_count": 75,
   "metadata": {},
   "outputs": [
    {
     "data": {
      "text/html": [
       "<div>\n",
       "<style scoped>\n",
       "    .dataframe tbody tr th:only-of-type {\n",
       "        vertical-align: middle;\n",
       "    }\n",
       "\n",
       "    .dataframe tbody tr th {\n",
       "        vertical-align: top;\n",
       "    }\n",
       "\n",
       "    .dataframe thead th {\n",
       "        text-align: right;\n",
       "    }\n",
       "</style>\n",
       "<table border=\"1\" class=\"dataframe\">\n",
       "  <thead>\n",
       "    <tr style=\"text-align: right;\">\n",
       "      <th></th>\n",
       "      <th>Lance Grimstone &amp; Associates Pty Ltd</th>\n",
       "      <th>DATE: Aug 2003</th>\n",
       "    </tr>\n",
       "  </thead>\n",
       "  <tbody>\n",
       "    <tr>\n",
       "      <th>0</th>\n",
       "      <td>Projection: AGD84: Z55</td>\n",
       "      <td>NaN</td>\n",
       "    </tr>\n",
       "    <tr>\n",
       "      <th>1</th>\n",
       "      <td>Compiled by: SCALE: 1:250 000</td>\n",
       "      <td>FIGURE: 2</td>\n",
       "    </tr>\n",
       "  </tbody>\n",
       "</table>\n",
       "</div>"
      ],
      "text/plain": [
       "  Lance Grimstone & Associates Pty Ltd  DATE: Aug 2003 \n",
       "0               Projection: AGD84: Z55              NaN\n",
       "1        Compiled by: SCALE: 1:250 000       FIGURE: 2 "
      ]
     },
     "execution_count": 75,
     "metadata": {},
     "output_type": "execute_result"
    }
   ],
   "source": [
    "bhtables[1]"
   ]
  },
  {
   "cell_type": "code",
   "execution_count": 66,
   "metadata": {},
   "outputs": [],
   "source": [
    "bh_col_str = 'Hole ID, borehole nu, drillhole, no. hole, hole no., Hole No. (Site No.), bore, hole, well, drill hole, hole #, bore or well reference number, bore or well reference nu, borehole, uphole, holeid, bh_id, well name, viell'\n",
    "bh_key_str = 'Identifying name of the petroleum well, well name and number, well, well name, drill hole, hole number,  well name and, well no, borehole no, well number'\n",
    "\n",
    "bh_loc_col_str = 'Survey ea, survey no, surveyed ea, surveyed no, collar (local easting, coordinates grid) northing, northing, easting, Easting AMG (Local), Northing AMG (Local), Co-ords, collar, Local E & N, Co-Ordinates North/East, collar east, collar north, AMG east, AMG north, zone, AMG Zone, East AGD66 Zone 54, North AGD66 Zone 54, AMGEASTIN, AMGNORTH, east, north, Easting (m), Northing (m) '\n",
    "bh_loc_key_str = 'Latitude, longitude, northing, easting, surveyed location, AMG Zone I, lat, long, location, grid (amg), grid location, map zone / sheet, field location'\n",
    "\n",
    "strs = [bh_col_str, bh_key_str, bh_loc_col_str, bh_loc_key_str]\n",
    "arrays = []\n",
    "\n",
    "for s in strs:\n",
    "    a = s.split(',')\n",
    "    a = [preprocess_str(w) for w in a]\n",
    "    arrays.append(a)\n",
    "    \n",
    "bh_col = arrays[0]\n",
    "bh_key = arrays[1]\n",
    "bh_loc_col = arrays[2]\n",
    "bh_loc_key = arrays[3]\n"
   ]
  },
  {
   "cell_type": "code",
   "execution_count": 67,
   "metadata": {
    "scrolled": true
   },
   "outputs": [
    {
     "data": {
      "text/plain": [
       "(['hole id',\n",
       "  'borehole nu',\n",
       "  'drillhole',\n",
       "  'no hole',\n",
       "  'hole no',\n",
       "  'hole no site no',\n",
       "  'bore',\n",
       "  'hole',\n",
       "  'well',\n",
       "  'drill hole',\n",
       "  'hole',\n",
       "  'bore or well reference number',\n",
       "  'bore or well reference nu',\n",
       "  'borehole',\n",
       "  'uphole',\n",
       "  'holeid',\n",
       "  'bhid',\n",
       "  'well name',\n",
       "  'viell'],\n",
       " ['identifying name of the petroleum well',\n",
       "  'well name and number',\n",
       "  'well',\n",
       "  'well name',\n",
       "  'drill hole',\n",
       "  'hole number',\n",
       "  'well name and',\n",
       "  'well no',\n",
       "  'borehole no',\n",
       "  'well number'],\n",
       " ['survey ea',\n",
       "  'survey no',\n",
       "  'surveyed ea',\n",
       "  'surveyed no',\n",
       "  'collar local easting',\n",
       "  'coordinates grid northing',\n",
       "  'northing',\n",
       "  'easting',\n",
       "  'easting amg local',\n",
       "  'northing amg local',\n",
       "  'coords',\n",
       "  'collar',\n",
       "  'local e  n',\n",
       "  'coordinates northeast',\n",
       "  'collar east',\n",
       "  'collar north',\n",
       "  'amg east',\n",
       "  'amg north',\n",
       "  'zone',\n",
       "  'amg zone',\n",
       "  'east agd66 zone 54',\n",
       "  'north agd66 zone 54',\n",
       "  'amgeastin',\n",
       "  'amgnorth',\n",
       "  'east',\n",
       "  'north',\n",
       "  'easting m',\n",
       "  'northing m'],\n",
       " ['latitude',\n",
       "  'longitude',\n",
       "  'northing',\n",
       "  'easting',\n",
       "  'surveyed location',\n",
       "  'amg zone i',\n",
       "  'lat',\n",
       "  'long',\n",
       "  'location',\n",
       "  'grid amg',\n",
       "  'grid location',\n",
       "  'map zone  sheet',\n",
       "  'field location'])"
      ]
     },
     "execution_count": 67,
     "metadata": {},
     "output_type": "execute_result"
    }
   ],
   "source": [
    "bh_col, bh_key, bh_loc_col, bh_loc_key"
   ]
  },
  {
   "cell_type": "code",
   "execution_count": 65,
   "metadata": {},
   "outputs": [
    {
     "name": "stdout",
     "output_type": "stream",
     "text": [
      "hey sis\n"
     ]
    }
   ],
   "source": [
    "import string \n",
    "\n",
    "def preprocess_str(s):\n",
    "    s = s.lower()\n",
    "    s = s.translate(str.maketrans('', '', string.punctuation))\n",
    "    s = s.strip(' ')\n",
    "    return s\n",
    "\n",
    "print(preprocess_str('         hey sis!      '))"
   ]
  },
  {
   "cell_type": "markdown",
   "metadata": {},
   "source": [
    "## Easiest approach: Trying to find matching column name(s) "
   ]
  },
  {
   "cell_type": "code",
   "execution_count": 172,
   "metadata": {},
   "outputs": [],
   "source": [
    "def extract_from_columns(table):\n",
    "    loc = 0\n",
    "    bh_source = None\n",
    "    loc1_source = None\n",
    "    loc2_source = None\n",
    "    zone_source = None\n",
    "    for name in table.columns:\n",
    "        proc_name = preprocess_str(name)\n",
    "        if proc_name in bh_col:\n",
    "            print('bh name: ', name)\n",
    "            bh_source = name\n",
    "        if proc_name in bh_loc_col:\n",
    "            print('bh loc name: ', name)\n",
    "            if loc == 0:\n",
    "                loc1_source = name\n",
    "                loc += 1\n",
    "            elif loc == 1:\n",
    "                loc2_source = name\n",
    "            elif loc == 2:\n",
    "                zone_source = name\n",
    "            else:\n",
    "                print('more than three loc? :', name)\n",
    "    if bh_source:\n",
    "        bhs = table[bh_source].values\n",
    "        loc1s = None\n",
    "        loc2s = None\n",
    "        zone = None\n",
    "        if loc1_source:\n",
    "            loc1s = table[loc1_source].values\n",
    "        if loc2_source:\n",
    "            loc2s = table[loc2_source].values\n",
    "        if zone_source:\n",
    "            zone = table[zone].values\n",
    "        assert len(bhs) == len(loc1s) == len(loc2s)\n",
    "        \n",
    "        rows = len(bhs)\n",
    "        print(rows)\n",
    "        add_to_df = [bhs, loc1s, loc2s, zone, [bh_source], [loc1_source], [loc2_source], [zone_source]]\n",
    "        for i in range(len(add_to_df)):\n",
    "            if add_to_df[i] is None:\n",
    "                add_to_df[i] = [None for e in range(rows)]  \n",
    "                #print(add_to_df[i])\n",
    "            elif len(add_to_df[i]) < rows:\n",
    "                if len(add_to_df[i]) == 1:\n",
    "                    add_to_df[i] = [add_to_df[i][0] for e in range(rows)]\n",
    "                    #print(add_to_df[i])\n",
    "                    \n",
    "        #print(add_to_df)\n",
    "        dfdata = [pd.Series(a) for a in add_to_df]\n",
    "        \n",
    "        #i = 0\n",
    "        #for series in dfdata:\n",
    "        #    series.name = table_data_cols[i]\n",
    "        #    i += 1\n",
    "        #print(dfdata)\n",
    "        df_dict = {key: value for key, value in zip(table_data_cols, dfdata)}\n",
    "        add_to_df = pd.DataFrame(df_dict, columns=table_data_cols)\n",
    "        print(add_to_df)\n",
    "        return add_to_df\n",
    "    return None"
   ]
  },
  {
   "cell_type": "code",
   "execution_count": 173,
   "metadata": {},
   "outputs": [],
   "source": [
    "bh_data_cols = ['DocID', 'BH', 'location1', 'location2', 'zone', \n",
    "                'BH source', 'location1 source', 'location2 source', 'zone source']\n",
    "table_data_cols = ['BH', 'location1', 'location2', 'zone', \n",
    "                'BH source', 'location1 source', 'location2 source', 'zone source']\n",
    "bh_data = pd.DataFrame(columns=bh_data_cols)"
   ]
  },
  {
   "cell_type": "code",
   "execution_count": 174,
   "metadata": {},
   "outputs": [
    {
     "name": "stdout",
     "output_type": "stream",
     "text": [
      "bh name:  Hole \n",
      "bh loc name:  Easting (m) \n",
      "bh loc name:  Northing (m) \n",
      "5\n",
      "         BH  location1   location2  zone BH source location1 source  \\\n",
      "0   CHO100   557869.50  7595340.20  None     Hole      Easting (m)    \n",
      "1  CHO10OC   557866.40  7595340.40  None     Hole      Easting (m)    \n",
      "2   CH0101   557102.30  7595134.01  None     Hole      Easting (m)    \n",
      "3  CH0102C   562411.71  7614561.13  None     Hole      Easting (m)    \n",
      "4  CHO103C   575990.91  7610262.94  None     Hole      Easting (m)    \n",
      "\n",
      "  location2 source zone source  \n",
      "0    Northing (m)         None  \n",
      "1    Northing (m)         None  \n",
      "2    Northing (m)         None  \n",
      "3    Northing (m)         None  \n",
      "4    Northing (m)         None  \n"
     ]
    }
   ],
   "source": [
    "for table in bhtables:\n",
    "    res = extract_from_columns(table)\n",
    "    #if isinstance(res, pd.DataFrame):\n",
    "    bh_data = bh_data.append(res, ignore_index=True)"
   ]
  },
  {
   "cell_type": "code",
   "execution_count": 176,
   "metadata": {},
   "outputs": [
    {
     "data": {
      "text/html": [
       "<div>\n",
       "<style scoped>\n",
       "    .dataframe tbody tr th:only-of-type {\n",
       "        vertical-align: middle;\n",
       "    }\n",
       "\n",
       "    .dataframe tbody tr th {\n",
       "        vertical-align: top;\n",
       "    }\n",
       "\n",
       "    .dataframe thead th {\n",
       "        text-align: right;\n",
       "    }\n",
       "</style>\n",
       "<table border=\"1\" class=\"dataframe\">\n",
       "  <thead>\n",
       "    <tr style=\"text-align: right;\">\n",
       "      <th></th>\n",
       "      <th>DocID</th>\n",
       "      <th>BH</th>\n",
       "      <th>location1</th>\n",
       "      <th>location2</th>\n",
       "      <th>zone</th>\n",
       "      <th>BH source</th>\n",
       "      <th>location1 source</th>\n",
       "      <th>location2 source</th>\n",
       "      <th>zone source</th>\n",
       "    </tr>\n",
       "  </thead>\n",
       "  <tbody>\n",
       "    <tr>\n",
       "      <th>0</th>\n",
       "      <td>35454</td>\n",
       "      <td>CHO100</td>\n",
       "      <td>557869.50</td>\n",
       "      <td>7595340.20</td>\n",
       "      <td>None</td>\n",
       "      <td>Hole</td>\n",
       "      <td>Easting (m)</td>\n",
       "      <td>Northing (m)</td>\n",
       "      <td>None</td>\n",
       "    </tr>\n",
       "    <tr>\n",
       "      <th>1</th>\n",
       "      <td>35454</td>\n",
       "      <td>CHO10OC</td>\n",
       "      <td>557866.40</td>\n",
       "      <td>7595340.40</td>\n",
       "      <td>None</td>\n",
       "      <td>Hole</td>\n",
       "      <td>Easting (m)</td>\n",
       "      <td>Northing (m)</td>\n",
       "      <td>None</td>\n",
       "    </tr>\n",
       "    <tr>\n",
       "      <th>2</th>\n",
       "      <td>35454</td>\n",
       "      <td>CH0101</td>\n",
       "      <td>557102.30</td>\n",
       "      <td>7595134.01</td>\n",
       "      <td>None</td>\n",
       "      <td>Hole</td>\n",
       "      <td>Easting (m)</td>\n",
       "      <td>Northing (m)</td>\n",
       "      <td>None</td>\n",
       "    </tr>\n",
       "    <tr>\n",
       "      <th>3</th>\n",
       "      <td>35454</td>\n",
       "      <td>CH0102C</td>\n",
       "      <td>562411.71</td>\n",
       "      <td>7614561.13</td>\n",
       "      <td>None</td>\n",
       "      <td>Hole</td>\n",
       "      <td>Easting (m)</td>\n",
       "      <td>Northing (m)</td>\n",
       "      <td>None</td>\n",
       "    </tr>\n",
       "    <tr>\n",
       "      <th>4</th>\n",
       "      <td>35454</td>\n",
       "      <td>CHO103C</td>\n",
       "      <td>575990.91</td>\n",
       "      <td>7610262.94</td>\n",
       "      <td>None</td>\n",
       "      <td>Hole</td>\n",
       "      <td>Easting (m)</td>\n",
       "      <td>Northing (m)</td>\n",
       "      <td>None</td>\n",
       "    </tr>\n",
       "  </tbody>\n",
       "</table>\n",
       "</div>"
      ],
      "text/plain": [
       "   DocID        BH  location1   location2  zone BH source location1 source  \\\n",
       "0  35454   CHO100   557869.50  7595340.20  None     Hole      Easting (m)    \n",
       "1  35454  CHO10OC   557866.40  7595340.40  None     Hole      Easting (m)    \n",
       "2  35454   CH0101   557102.30  7595134.01  None     Hole      Easting (m)    \n",
       "3  35454  CH0102C   562411.71  7614561.13  None     Hole      Easting (m)    \n",
       "4  35454  CHO103C   575990.91  7610262.94  None     Hole      Easting (m)    \n",
       "\n",
       "  location2 source zone source  \n",
       "0    Northing (m)         None  \n",
       "1    Northing (m)         None  \n",
       "2    Northing (m)         None  \n",
       "3    Northing (m)         None  \n",
       "4    Northing (m)         None  "
      ]
     },
     "execution_count": 176,
     "metadata": {},
     "output_type": "execute_result"
    }
   ],
   "source": [
    "bh_data['DocID'] = docid\n",
    "bh_data"
   ]
  },
  {
   "cell_type": "code",
   "execution_count": 178,
   "metadata": {},
   "outputs": [
    {
     "data": {
      "text/plain": [
       "array([['35454', 'CHO100 ', 557869.5, 7595340.2, None, 'Hole ',\n",
       "        'Easting (m) ', 'Northing (m) ', None],\n",
       "       ['35454', 'CHO10OC ', 557866.4, 7595340.4, None, 'Hole ',\n",
       "        'Easting (m) ', 'Northing (m) ', None],\n",
       "       ['35454', 'CH0101 ', 557102.3, 7595134.01, None, 'Hole ',\n",
       "        'Easting (m) ', 'Northing (m) ', None],\n",
       "       ['35454', 'CH0102C ', 562411.71, 7614561.13, None, 'Hole ',\n",
       "        'Easting (m) ', 'Northing (m) ', None],\n",
       "       ['35454', 'CHO103C ', 575990.91, 7610262.94, None, 'Hole ',\n",
       "        'Easting (m) ', 'Northing (m) ', None]], dtype=object)"
      ]
     },
     "execution_count": 178,
     "metadata": {},
     "output_type": "execute_result"
    }
   ],
   "source": [
    "bh_data.values"
   ]
  },
  {
   "cell_type": "code",
   "execution_count": 180,
   "metadata": {},
   "outputs": [],
   "source": [
    "from csv import writer\n",
    "import os\n",
    "\n",
    "def append_rows(file_name, df):\n",
    "    # Open file in append mode\n",
    "    write_cols = False\n",
    "    if not os.path.exists(file_name):\n",
    "        write_cols = True\n",
    "    with open(file_name, 'a+', newline='') as write_obj:\n",
    "        csv_writer = writer(write_obj)\n",
    "        if write_cols:\n",
    "            csv_writer.writerow(df.columns.values)\n",
    "        csv_writer.writerows(df.values)\n",
    "\n",
    "fname = 'bh_refs.csv'\n",
    "append_rows(fname, bh_data)"
   ]
  },
  {
   "cell_type": "code",
   "execution_count": 5,
   "metadata": {},
   "outputs": [],
   "source": [
    "from sklearn.feature_extraction.text import CountVectorizer\n",
    "from sklearn.metrics.pairwise import cosine_similarity\n"
   ]
  },
  {
   "cell_type": "code",
   "execution_count": 27,
   "metadata": {},
   "outputs": [],
   "source": [
    "t = bhtables[0].to_numpy()\n",
    "t = np.insert(t, 0, bhtables[0].columns.values)\n",
    "t = t.tolist()\n",
    "t = [str(doc) for doc in t]"
   ]
  },
  {
   "cell_type": "code",
   "execution_count": 28,
   "metadata": {},
   "outputs": [],
   "source": [
    "vectorizer = CountVectorizer(analyzer='char')\n",
    "X = vectorizer.fit_transform(t)"
   ]
  },
  {
   "cell_type": "code",
   "execution_count": 32,
   "metadata": {},
   "outputs": [],
   "source": [
    "sim = cosine_similarity(X)"
   ]
  },
  {
   "cell_type": "code",
   "execution_count": 34,
   "metadata": {},
   "outputs": [
    {
     "name": "stdout",
     "output_type": "stream",
     "text": [
      "[1.         0.35856858 0.43386092 0.3721042  0.64549722 0.24806947\n",
      " 0.45643546 0.4662524  0.4472136  0.         0.         0.\n",
      " 0.12403473 0.2981424  0.25819889 0.25819889 0.51639778 0.\n",
      " 0.         0.         0.11547005 0.16903085 0.2        0.15811388\n",
      " 0.26967994 0.         0.         0.         0.12403473 0.28284271\n",
      " 0.25819889 0.25819889 0.25819889 0.         0.         0.\n",
      " 0.11547005 0.13483997 0.15811388 0.13483997 0.42426407 0.\n",
      " 0.         0.         0.11547005 0.1490712  0.2        0.2       ]\n",
      "[0.35856858 1.         0.77784447 0.51887452 0.46291005 0.59299945\n",
      " 0.6000992  0.61300603 0.17817416 0.         0.         0.\n",
      " 0.14824986 0.53452248 0.46291005 0.46291005 0.15430335 0.\n",
      " 0.         0.         0.13801311 0.20203051 0.23904572 0.18898224\n",
      " 0.16116459 0.         0.         0.         0.14824986 0.50709255\n",
      " 0.46291005 0.46291005 0.15430335 0.         0.         0.\n",
      " 0.13801311 0.16116459 0.18898224 0.16116459 0.16903085 0.\n",
      " 0.         0.         0.13801311 0.17817416 0.23904572 0.23904572]\n",
      "[0.43386092 0.77784447 1.         0.53813824 0.35007002 0.53813824\n",
      " 0.59408853 0.60686608 0.32338083 0.         0.         0.\n",
      " 0.13453456 0.48507125 0.56011203 0.56011203 0.35007002 0.\n",
      " 0.         0.         0.12524486 0.1833397  0.21693046 0.17149859\n",
      " 0.21938173 0.         0.         0.         0.13453456 0.46017899\n",
      " 0.56011203 0.56011203 0.21004201 0.         0.         0.\n",
      " 0.12524486 0.14625448 0.17149859 0.14625448 0.306786   0.\n",
      " 0.         0.         0.12524486 0.16169042 0.21693046 0.21693046]\n",
      "[0.3721042  0.51887452 0.53813824 1.         0.32025631 0.84615385\n",
      " 0.62275237 0.63614643 0.18490007 0.14824986 0.1672484  0.20965697\n",
      " 0.15384615 0.36980013 0.32025631 0.32025631 0.16012815 0.16012815\n",
      " 0.15384615 0.1754116  0.14322297 0.41931393 0.49613894 0.39223227\n",
      " 0.1672484  0.1754116  0.14824986 0.14824986 0.15384615 0.35082321\n",
      " 0.32025631 0.32025631 0.16012815 0.14322297 0.13074409 0.16012815\n",
      " 0.14322297 0.3344968  0.39223227 0.3344968  0.1754116  0.13453456\n",
      " 0.14824986 0.19611614 0.14322297 0.36980013 0.49613894 0.49613894]\n",
      "[0.64549722 0.46291005 0.35007002 0.32025631 1.         0.40032038\n",
      " 0.41247896 0.36115756 0.28867513 0.         0.         0.\n",
      " 0.08006408 0.19245009 0.33333333 0.33333333 0.41666667 0.\n",
      " 0.         0.         0.0745356  0.10910895 0.12909944 0.10206207\n",
      " 0.17407766 0.         0.         0.         0.08006408 0.18257419\n",
      " 0.33333333 0.33333333 0.25       0.         0.         0.\n",
      " 0.0745356  0.08703883 0.10206207 0.08703883 0.36514837 0.\n",
      " 0.         0.         0.0745356  0.09622504 0.12909944 0.12909944]\n",
      "[0.24806947 0.59299945 0.53813824 0.84615385 0.40032038 1.\n",
      " 0.62275237 0.63614643 0.18490007 0.14824986 0.1672484  0.20965697\n",
      " 0.15384615 0.36980013 0.48038446 0.48038446 0.16012815 0.16012815\n",
      " 0.15384615 0.1754116  0.14322297 0.41931393 0.49613894 0.39223227\n",
      " 0.1672484  0.1754116  0.14824986 0.14824986 0.15384615 0.35082321\n",
      " 0.48038446 0.48038446 0.16012815 0.14322297 0.13074409 0.16012815\n",
      " 0.14322297 0.3344968  0.39223227 0.3344968  0.1754116  0.13453456\n",
      " 0.14824986 0.19611614 0.14322297 0.36980013 0.49613894 0.49613894]\n",
      "[0.45643546 0.6000992  0.59408853 0.62275237 0.41247896 0.62275237\n",
      " 1.         0.93638218 0.40824829 0.         0.         0.\n",
      " 0.22645541 0.61237244 0.47140452 0.47140452 0.47140452 0.\n",
      " 0.         0.         0.21081851 0.3086067  0.36514837 0.28867513\n",
      " 0.30772873 0.         0.         0.         0.22645541 0.5809475\n",
      " 0.47140452 0.47140452 0.35355339 0.         0.         0.\n",
      " 0.21081851 0.24618298 0.28867513 0.24618298 0.45184806 0.\n",
      " 0.         0.         0.21081851 0.27216553 0.36514837 0.36514837]\n",
      "[0.4662524  0.61300603 0.60686608 0.63614643 0.36115756 0.63614643\n",
      " 0.93638218 1.         0.34752402 0.         0.         0.\n",
      " 0.23132597 0.62554324 0.48154341 0.48154341 0.36115756 0.\n",
      " 0.         0.         0.21535276 0.31524416 0.37300192 0.29488391\n",
      " 0.25147785 0.         0.         0.         0.23132597 0.59344243\n",
      " 0.48154341 0.48154341 0.24077171 0.         0.         0.\n",
      " 0.21535276 0.25147785 0.29488391 0.25147785 0.32969024 0.\n",
      " 0.         0.         0.21535276 0.27801922 0.37300192 0.37300192]\n",
      "[0.4472136  0.17817416 0.32338083 0.18490007 0.28867513 0.18490007\n",
      " 0.40824829 0.34752402 1.         0.         0.20100756 0.\n",
      " 0.5547002  0.44444444 0.19245009 0.19245009 0.8660254  0.\n",
      " 0.18490007 0.         0.60246408 0.37796447 0.59628479 0.58925565\n",
      " 0.90453403 0.31622777 0.35634832 0.         0.5547002  0.31622777\n",
      " 0.19245009 0.19245009 0.8660254  0.25819889 0.23570226 0.09622504\n",
      " 0.43033148 0.10050378 0.23570226 0.70352647 0.84327404 0.24253563\n",
      " 0.26726124 0.         0.43033148 0.22222222 0.4472136  0.1490712 ]\n",
      "[0.         0.         0.         0.14824986 0.         0.14824986\n",
      " 0.         0.         0.         1.         0.72524067 0.20203051\n",
      " 0.29649973 0.08908708 0.         0.         0.         0.84866842\n",
      " 0.66712438 0.16903085 0.         0.50507627 0.47809144 0.18898224\n",
      " 0.         0.6761234  0.64285714 0.21428571 0.14824986 0.25354628\n",
      " 0.         0.         0.         0.41403934 0.44095855 0.07715167\n",
      " 0.06900656 0.32232919 0.09449112 0.16116459 0.         0.7130241\n",
      " 0.35714286 0.47245559 0.13801311 0.17817416 0.35856858 0.5976143 ]\n",
      "[0.         0.         0.         0.1672484  0.         0.1672484\n",
      " 0.         0.         0.20100756 0.72524067 1.         0.56980288\n",
      " 0.41812101 0.10050378 0.         0.         0.08703883 0.6092718\n",
      " 0.91986621 0.57207755 0.31139958 0.68376346 0.53935989 0.31980107\n",
      " 0.18181818 0.85811633 0.80582296 0.32232919 0.2508726  0.28603878\n",
      " 0.         0.         0.26111648 0.46709937 0.42640143 0.43519414\n",
      " 0.46709937 0.63636364 0.42640143 0.27272727 0.19069252 0.73127242\n",
      " 0.56407607 0.63960215 0.46709937 0.50251891 0.40451992 0.67419986]\n",
      "[0.         0.         0.         0.20965697 0.         0.20965697\n",
      " 0.         0.         0.         0.20203051 0.56980288 1.\n",
      " 0.20965697 0.         0.         0.         0.         0.21821789\n",
      " 0.41931393 0.95618289 0.19518001 0.57142857 0.16903085 0.13363062\n",
      " 0.         0.35856858 0.30304576 0.70710678 0.20965697 0.\n",
      " 0.         0.         0.21821789 0.39036003 0.17817416 0.65465367\n",
      " 0.39036003 0.79772404 0.6681531  0.11396058 0.         0.3666794\n",
      " 0.70710678 0.6681531  0.19518001 0.37796447 0.16903085 0.6761234 ]\n",
      "[0.12403473 0.14824986 0.13453456 0.15384615 0.08006408 0.15384615\n",
      " 0.22645541 0.23132597 0.5547002  0.29649973 0.41812101 0.20965697\n",
      " 1.         0.36980013 0.16012815 0.16012815 0.32025631 0.24019223\n",
      " 0.30769231 0.1754116  0.85933785 0.6289709  0.62017367 0.49029034\n",
      " 0.58536941 0.52623481 0.44474959 0.22237479 0.92307692 0.35082321\n",
      " 0.16012815 0.16012815 0.56044854 0.35805744 0.26148818 0.16012815\n",
      " 0.78772636 0.3344968  0.2941742  0.58536941 0.35082321 0.3363364\n",
      " 0.37062466 0.2941742  0.71611487 0.18490007 0.49613894 0.3721042 ]\n",
      "[0.2981424  0.53452248 0.48507125 0.36980013 0.19245009 0.36980013\n",
      " 0.61237244 0.62554324 0.44444444 0.08908708 0.10050378 0.\n",
      " 0.36980013 1.         0.57735027 0.57735027 0.28867513 0.19245009\n",
      " 0.09245003 0.         0.34426519 0.37796447 0.4472136  0.35355339\n",
      " 0.40201513 0.10540926 0.08908708 0.17817416 0.46225016 0.73786479\n",
      " 0.57735027 0.57735027 0.38490018 0.0860663  0.15713484 0.\n",
      " 0.34426519 0.20100756 0.23570226 0.50251891 0.31622777 0.08084521\n",
      " 0.26726124 0.11785113 0.34426519 0.22222222 0.4472136  0.2981424 ]\n",
      "[0.25819889 0.46291005 0.56011203 0.32025631 0.33333333 0.48038446\n",
      " 0.47140452 0.48154341 0.19245009 0.         0.         0.\n",
      " 0.16012815 0.57735027 1.         1.         0.16666667 0.\n",
      " 0.         0.         0.1490712  0.21821789 0.25819889 0.20412415\n",
      " 0.17407766 0.         0.         0.         0.16012815 0.54772256\n",
      " 1.         1.         0.16666667 0.         0.         0.\n",
      " 0.1490712  0.17407766 0.20412415 0.17407766 0.18257419 0.\n",
      " 0.         0.         0.1490712  0.19245009 0.25819889 0.25819889]\n",
      "[0.25819889 0.46291005 0.56011203 0.32025631 0.33333333 0.48038446\n",
      " 0.47140452 0.48154341 0.19245009 0.         0.         0.\n",
      " 0.16012815 0.57735027 1.         1.         0.16666667 0.\n",
      " 0.         0.         0.1490712  0.21821789 0.25819889 0.20412415\n",
      " 0.17407766 0.         0.         0.         0.16012815 0.54772256\n",
      " 1.         1.         0.16666667 0.         0.         0.\n",
      " 0.1490712  0.17407766 0.20412415 0.17407766 0.18257419 0.\n",
      " 0.         0.         0.1490712  0.19245009 0.25819889 0.25819889]\n",
      "[0.51639778 0.15430335 0.35007002 0.16012815 0.41666667 0.16012815\n",
      " 0.47140452 0.36115756 0.8660254  0.         0.08703883 0.\n",
      " 0.32025631 0.28867513 0.16666667 0.16666667 1.         0.\n",
      " 0.08006408 0.         0.372678   0.21821789 0.38729833 0.40824829\n",
      " 0.69631062 0.18257419 0.23145502 0.         0.32025631 0.27386128\n",
      " 0.16666667 0.16666667 0.75       0.2236068  0.20412415 0.08333333\n",
      " 0.2236068  0.08703883 0.20412415 0.43519414 0.91287093 0.14002801\n",
      " 0.15430335 0.         0.2236068  0.19245009 0.25819889 0.12909944]\n",
      "[0.         0.         0.         0.16012815 0.         0.16012815\n",
      " 0.         0.         0.         0.84866842 0.6092718  0.21821789\n",
      " 0.24019223 0.19245009 0.         0.         0.         1.\n",
      " 0.64051262 0.27386128 0.         0.54554473 0.38729833 0.20412415\n",
      " 0.         0.54772256 0.54006172 0.38575837 0.24019223 0.18257419\n",
      " 0.         0.         0.         0.52174919 0.61237244 0.33333333\n",
      " 0.0745356  0.43519414 0.30618622 0.26111648 0.         0.42008403\n",
      " 0.54006172 0.51031036 0.1490712  0.38490018 0.38729833 0.38729833]\n",
      "[0.         0.         0.         0.15384615 0.         0.15384615\n",
      " 0.         0.         0.18490007 0.66712438 0.91986621 0.41931393\n",
      " 0.30769231 0.09245003 0.         0.         0.08006408 0.64051262\n",
      " 1.         0.52623481 0.21483446 0.6289709  0.49613894 0.2941742\n",
      " 0.1672484  0.70164642 0.81537425 0.07412493 0.15384615 0.26311741\n",
      " 0.         0.         0.16012815 0.42966892 0.45760432 0.56044854\n",
      " 0.28644595 0.58536941 0.49029034 0.2508726  0.1754116  0.67267279\n",
      " 0.44474959 0.39223227 0.35805744 0.64715023 0.3721042  0.49613894]\n",
      "[0.         0.         0.         0.1754116  0.         0.1754116\n",
      " 0.         0.         0.         0.16903085 0.57207755 0.95618289\n",
      " 0.1754116  0.         0.         0.         0.         0.27386128\n",
      " 0.52623481 1.         0.16329932 0.5976143  0.14142136 0.1118034\n",
      " 0.         0.3        0.3380617  0.59160798 0.1754116  0.\n",
      " 0.         0.         0.18257419 0.40824829 0.2236068  0.82158384\n",
      " 0.32659863 0.85811633 0.78262379 0.09534626 0.         0.306786\n",
      " 0.6761234  0.55901699 0.16329932 0.52704628 0.14142136 0.56568542]\n",
      "[0.11547005 0.13801311 0.12524486 0.14322297 0.0745356  0.14322297\n",
      " 0.21081851 0.21535276 0.60246408 0.         0.31139958 0.19518001\n",
      " 0.85933785 0.34426519 0.1490712  0.1490712  0.372678   0.\n",
      " 0.21483446 0.16329932 1.         0.39036003 0.57735027 0.63900965\n",
      " 0.70064905 0.48989795 0.48304589 0.20701967 0.85933785 0.40824829\n",
      " 0.1490712  0.1490712  0.59628479 0.46666667 0.42600643 0.2236068\n",
      " 0.8        0.23354968 0.36514837 0.70064905 0.48989795 0.25048972\n",
      " 0.41403934 0.27386128 0.73333333 0.34426519 0.34641016 0.23094011]\n",
      "[0.16903085 0.20203051 0.1833397  0.41931393 0.10910895 0.41931393\n",
      " 0.3086067  0.31524416 0.37796447 0.50507627 0.68376346 0.57142857\n",
      " 0.6289709  0.37796447 0.21821789 0.21821789 0.21821789 0.54554473\n",
      " 0.6289709  0.5976143  0.39036003 1.         0.6761234  0.40089186\n",
      " 0.34188173 0.5976143  0.50507627 0.40406102 0.52414242 0.35856858\n",
      " 0.21821789 0.21821789 0.43643578 0.39036003 0.26726124 0.54554473\n",
      " 0.48795004 0.79772404 0.6681531  0.45584231 0.23904572 0.3666794\n",
      " 0.50507627 0.53452248 0.39036003 0.50395263 0.6761234  0.6761234 ]\n",
      "[0.2        0.23904572 0.21693046 0.49613894 0.12909944 0.49613894\n",
      " 0.36514837 0.37300192 0.59628479 0.47809144 0.53935989 0.16903085\n",
      " 0.62017367 0.4472136  0.25819889 0.25819889 0.38729833 0.38729833\n",
      " 0.49613894 0.14142136 0.57735027 0.6761234  1.         0.79056942\n",
      " 0.67419986 0.70710678 0.71713717 0.11952286 0.49613894 0.56568542\n",
      " 0.25819889 0.25819889 0.51639778 0.57735027 0.52704628 0.25819889\n",
      " 0.34641016 0.40451992 0.47434165 0.80903983 0.42426407 0.54232614\n",
      " 0.35856858 0.31622777 0.34641016 0.4472136  0.6        0.6       ]\n",
      "[0.15811388 0.18898224 0.17149859 0.39223227 0.10206207 0.39223227\n",
      " 0.28867513 0.29488391 0.58925565 0.18898224 0.31980107 0.13363062\n",
      " 0.49029034 0.35355339 0.20412415 0.20412415 0.40824829 0.20412415\n",
      " 0.2941742  0.1118034  0.63900965 0.40089186 0.79056942 1.\n",
      " 0.74620251 0.55901699 0.66143783 0.09449112 0.49029034 0.4472136\n",
      " 0.20412415 0.20412415 0.51031036 0.73029674 0.66666667 0.30618622\n",
      " 0.36514837 0.21320072 0.5        0.85280287 0.4472136  0.42874646\n",
      " 0.47245559 0.125      0.45643546 0.58925565 0.63245553 0.31622777]\n",
      "[0.26967994 0.16116459 0.21938173 0.1672484  0.17407766 0.1672484\n",
      " 0.30772873 0.25147785 0.90453403 0.         0.18181818 0.\n",
      " 0.58536941 0.40201513 0.17407766 0.17407766 0.69631062 0.\n",
      " 0.1672484  0.         0.70064905 0.34188173 0.67419986 0.74620251\n",
      " 1.         0.38138504 0.48349378 0.         0.58536941 0.38138504\n",
      " 0.17407766 0.17407766 0.87038828 0.46709937 0.42640143 0.17407766\n",
      " 0.38924947 0.09090909 0.31980107 0.81818182 0.76277007 0.29250897\n",
      " 0.32232919 0.         0.38924947 0.30151134 0.40451992 0.13483997]\n",
      "[0.         0.         0.         0.1754116  0.         0.1754116\n",
      " 0.         0.         0.31622777 0.6761234  0.85811633 0.35856858\n",
      " 0.52623481 0.10540926 0.         0.         0.18257419 0.54772256\n",
      " 0.70164642 0.3        0.48989795 0.5976143  0.70710678 0.55901699\n",
      " 0.38138504 1.         0.84515425 0.3380617  0.35082321 0.4\n",
      " 0.         0.         0.36514837 0.65319726 0.59628479 0.27386128\n",
      " 0.48989795 0.47673129 0.3354102  0.47673129 0.3        0.61357199\n",
      " 0.50709255 0.67082039 0.48989795 0.42163702 0.42426407 0.56568542]\n",
      "[0.         0.         0.         0.14824986 0.         0.14824986\n",
      " 0.         0.         0.35634832 0.64285714 0.80582296 0.30304576\n",
      " 0.44474959 0.08908708 0.         0.         0.23145502 0.54006172\n",
      " 0.81537425 0.3380617  0.48304589 0.50507627 0.71713717 0.66143783\n",
      " 0.48349378 0.84515425 1.         0.07142857 0.29649973 0.42257713\n",
      " 0.         0.         0.3086067  0.75907212 0.75592895 0.46291005\n",
      " 0.27602622 0.40291148 0.47245559 0.56407607 0.3380617  0.77784447\n",
      " 0.5        0.37796447 0.34503278 0.62360956 0.35856858 0.47809144]\n",
      "[0.         0.         0.         0.14824986 0.         0.14824986\n",
      " 0.         0.         0.         0.21428571 0.32232919 0.70710678\n",
      " 0.22237479 0.17817416 0.         0.         0.         0.38575837\n",
      " 0.07412493 0.59160798 0.20701967 0.40406102 0.11952286 0.09449112\n",
      " 0.         0.3380617  0.07142857 1.         0.37062466 0.\n",
      " 0.         0.         0.23145502 0.41403934 0.31497039 0.3086067\n",
      " 0.41403934 0.56407607 0.37796447 0.24174689 0.         0.06482037\n",
      " 0.78571429 0.85042006 0.20701967 0.08908708 0.11952286 0.47809144]\n",
      "[0.12403473 0.14824986 0.13453456 0.15384615 0.08006408 0.15384615\n",
      " 0.22645541 0.23132597 0.5547002  0.14824986 0.2508726  0.20965697\n",
      " 0.92307692 0.46225016 0.16012815 0.16012815 0.32025631 0.24019223\n",
      " 0.15384615 0.1754116  0.85933785 0.52414242 0.49613894 0.49029034\n",
      " 0.58536941 0.35082321 0.29649973 0.37062466 1.         0.26311741\n",
      " 0.16012815 0.16012815 0.56044854 0.35805744 0.32686023 0.16012815\n",
      " 0.78772636 0.2508726  0.2941742  0.66899361 0.35082321 0.20180184\n",
      " 0.51887452 0.2941742  0.71611487 0.18490007 0.49613894 0.24806947]\n",
      "[0.28284271 0.50709255 0.46017899 0.35082321 0.18257419 0.35082321\n",
      " 0.5809475  0.59344243 0.31622777 0.25354628 0.28603878 0.\n",
      " 0.35082321 0.73786479 0.54772256 0.54772256 0.27386128 0.18257419\n",
      " 0.26311741 0.         0.40824829 0.35856858 0.56568542 0.4472136\n",
      " 0.38138504 0.4        0.42257713 0.         0.26311741 1.\n",
      " 0.54772256 0.54772256 0.27386128 0.32659863 0.372678   0.09128709\n",
      " 0.24494897 0.28603878 0.3354102  0.38138504 0.4        0.2300895\n",
